FULL PER-BAND NOISE-FLOOR TABLE
Fs = 5000.00 Hz  carrier = 930.500 Hz  Nyquist = 2500.0 Hz
record = 150000 samples (30.0 s)  Welch NFFT = 8192  bin = 0.610 Hz
candidate carrier-free bands = 106  (guard ±3.0 Hz from every comb line)
'clean' = no bin > band-median + 6.0 dB;  bw_ratio = density spread across halfwidths [2, 5, 10, 20]

========================================================================
A2V-16_1
========================================================================
 center Hz   density mV^2/Hz  worst dB  bw_ratio   clean
    2489.2         9.767e-05       1.7      1.02     yes
    2383.2         1.064e-04       2.1      1.05     yes
    2264.5         1.103e-04       1.8      1.19     yes
    2286.0         1.129e-04       1.5      1.01     yes
    2220.0         1.142e-04       7.5      1.06     NO*
    2192.8         1.150e-04      11.3      1.00     NO*
    2156.2         1.153e-04       0.9      1.00     yes
    2240.8         1.161e-04       1.8      1.26     yes
    2174.0         1.199e-04       2.4      1.04     yes
    2310.2         1.205e-04       7.2      1.04     NO*
    2131.0         1.209e-04       2.1      1.12     yes
    2421.0         1.247e-04       5.4      1.06     yes
    2358.2         1.261e-04       2.7      1.22     yes
    2441.2         1.290e-04      22.8      1.01     NO*
    2062.0         1.299e-04       4.3      1.17     yes
    2467.0         1.331e-04       3.4      1.08     yes
    2028.8         1.372e-04       1.6      1.13     yes
    1944.2         1.460e-04       1.6      1.00     yes
    1955.8         1.461e-04       1.4      1.00     yes
    1258.2         1.556e-04       6.6      1.14     NO*
    1294.8         1.569e-04       2.1      1.00     yes
    1222.0         1.605e-04       1.8      1.09     yes
    1188.8         1.673e-04       2.1      1.02     yes
    1331.2         1.694e-04       2.1      1.05     yes
    1992.2         1.697e-04       6.6      1.00     NO*
    2085.0         1.772e-04      10.6      1.44     NO*
    1884.0         1.845e-04       3.2      1.05     yes
    1077.0         1.896e-04       3.1      1.01     yes
    1306.2         1.904e-04       0.6      1.00     yes
    1057.8         1.918e-04      16.8      1.00     NO*
     986.5         1.925e-04       1.1      1.06     yes
    1115.8         1.966e-04       1.9      1.00     yes
    1367.0         2.001e-04       1.7      1.03     yes
    1140.8         2.024e-04       4.5      1.17     yes
    1009.8         2.051e-04       3.8      1.02     yes
    1389.2         2.057e-04       2.1      1.23     yes
    1919.2         2.114e-04       1.5      1.04     yes
     965.0         2.146e-04       1.0      1.04     yes
    1094.2         2.154e-04       0.9      1.00     yes
     940.2         2.267e-04      14.2      1.16     NO*
    1772.0         2.345e-04       3.9      1.10     yes
    2109.8         2.421e-04      12.0      2.61     NO*
     739.8         2.482e-04       1.2      1.22     yes
     874.5         2.499e-04       1.5      1.00     yes
     784.0         2.505e-04       2.1      1.08     yes
     857.2         2.515e-04       1.2      1.00     yes
    1755.2         2.696e-04       0.4      1.00     yes
    1413.0         2.737e-04       7.8      1.39     NO*
     809.2         2.762e-04      15.7      1.04     NO*
    1569.5         2.856e-04       4.4      1.31     yes
     892.2         2.970e-04       1.0      1.00     yes
    1791.8         3.049e-04       1.6      1.05     yes
    1838.0         3.086e-04       2.9      1.11     yes
     761.2         3.086e-04       2.8      1.05     yes
     830.0         3.128e-04       7.7      1.37     NO*
     655.2         3.325e-04       1.2      1.00     yes
     672.0         3.410e-04       3.2      1.00     yes
    1543.2         3.556e-04       1.7      1.00     yes
    1813.2         3.567e-04       1.3      1.01     yes
    2332.0         3.641e-04      20.6      4.69     NO*
    1436.0         3.762e-04       4.1      1.07     yes
    1743.8         3.800e-04       1.5      1.00     yes
     691.8         3.949e-04      26.2      1.07     NO*
     919.0         3.988e-04       5.6      1.88     yes
    1031.0         4.141e-04      14.3      3.01     NO*
     633.8         4.166e-04       2.0      1.05     yes
     718.0         4.277e-04       5.8      1.41     yes
     527.0         4.820e-04       1.3      1.05     yes
    1637.0         4.849e-04      12.1      1.23     NO*
     560.8         5.131e-04       2.5      1.05     yes
     491.2         5.292e-04       3.1      1.02     yes
    1589.8         5.299e-04       3.7      1.17     yes
    1660.8         5.896e-04       3.1      1.05     yes
     608.8         6.304e-04       6.9      1.88     NO*
    1278.0         6.327e-04      29.8      5.48     NO*
    1614.0         6.623e-04       2.3      1.14     yes
    1973.0         6.888e-04      17.6      6.50     NO*
     382.0         7.920e-04       2.2      1.43     yes
    1726.0         8.158e-04       3.1      1.18     yes
    1681.5         8.582e-04       1.2      1.32     yes
    1707.2         8.950e-04       1.8      1.00     yes
    1166.0         9.830e-04      21.1     10.59     NO*
    1525.0         1.115e-03       3.8      1.16     yes
     313.0         1.182e-03       2.9      1.13     yes
     290.8         1.201e-03       2.2      1.07     yes
     471.0         1.302e-03      14.8      2.99     NO*
     360.2         1.333e-03       9.8      1.60     NO*
     270.0         1.398e-03       2.1      1.03     yes
     336.0         1.698e-03       9.2      1.92     NO*
     242.8         1.735e-03       1.6      1.00     yes
    1458.8         1.785e-03       3.1      1.00     yes
     206.2         2.447e-03       0.7      1.00     yes
     194.8         2.540e-03       1.1      1.00     yes
    1506.8         2.663e-03       0.6      1.00     yes
     179.5         2.896e-03       0.8      1.07     yes
     159.8         3.210e-03       1.4      1.01     yes
     224.0         3.212e-03      18.2      2.35     NO*
    1479.0         3.282e-03       2.3      1.03     yes
     583.0         4.031e-03      30.0     17.31     NO*
     135.0         4.486e-03       6.6      1.05     NO*
      88.8         5.981e-03       2.9      1.22     yes
      27.2         6.161e-03       4.0      1.00     yes
      63.8         6.382e-03       4.9      1.07     yes
      42.2         7.046e-03       0.4      1.00     yes
    1861.2         1.117e-02      30.9    100.31     NO*
     112.0         4.667e-02      20.9     17.58     NO*
  consensus floor = 2.970e-04 mV^2/Hz over 77 clean bands  ->  Var(n) = 0.0012 mV^2  (RMS 34.5 uV)
  carrier a = 19.859 mV  ->  SNR = 52.2 dB in the 4 Hz demod band

========================================================================
A2V-16_2
========================================================================
 center Hz   density mV^2/Hz  worst dB  bw_ratio   clean
    2192.8         4.165e-04       1.4      1.00     yes
    1140.8         4.883e-04       1.8      1.01     yes
    2264.5         4.954e-04       4.8      1.00     yes
    2421.0         5.101e-04       2.2      1.01     yes
    2174.0         5.108e-04       2.5      1.03     yes
     830.0         5.113e-04       8.0      1.21     NO*
    2286.0         5.126e-04       4.7      1.01     yes
     382.0         5.202e-04       1.7      1.00     yes
     761.2         5.236e-04      10.8      1.00     NO*
    1009.8         5.238e-04       2.1      1.03     yes
    1258.2         5.250e-04       1.8      1.04     yes
     491.2         5.296e-04       1.1      1.01     yes
    2467.0         5.348e-04      11.6      1.15     NO*
    2332.0         5.352e-04       2.0      1.02     yes
    1884.0         5.372e-04       2.0      1.03     yes
    2220.0         5.385e-04       1.6      1.00     yes
    1222.0         5.394e-04       1.7      1.19     yes
    1115.8         5.408e-04       1.3      1.17     yes
    2085.0         5.415e-04       1.0      1.16     yes
     360.2         5.434e-04       1.6      1.03     yes
     270.0         5.446e-04       2.3      1.00     yes
     919.0         5.447e-04      19.3      1.18     NO*
    2109.8         5.449e-04       2.2      1.07     yes
     527.0         5.456e-04       3.0      1.20     yes
     672.0         5.483e-04      12.3      1.16     NO*
    2062.0         5.485e-04       3.2      1.02     yes
    2383.2         5.513e-04       9.6      1.15     NO*
     718.0         5.566e-04       1.4      1.08     yes
     471.0         5.584e-04       1.2      1.02     yes
     739.8         5.585e-04       0.8      1.03     yes
     857.2         5.636e-04       1.2      1.00     yes
     655.2         5.683e-04       1.2      1.00     yes
    2310.2         5.689e-04       0.9      1.04     yes
    1331.2         5.719e-04       1.5      1.04     yes
     874.5         5.736e-04       1.4      1.03     yes
     965.0         5.762e-04       5.3      1.06     yes
    2156.2         5.796e-04       0.6      1.00     yes
    2131.0         5.805e-04       1.9      1.06     yes
    1294.8         5.843e-04       1.4      1.00     yes
    1077.0         5.844e-04       3.0      1.04     yes
     313.0         5.854e-04       1.2      1.02     yes
    2028.8         5.862e-04       1.7      1.04     yes
     784.0         5.885e-04       1.2      1.09     yes
    1755.2         5.895e-04       0.9      1.00     yes
    1188.8         5.918e-04       1.0      1.13     yes
    2240.8         5.923e-04       1.5      1.15     yes
     560.8         5.941e-04       1.2      1.06     yes
     986.5         5.954e-04       1.2      1.00     yes
    2489.2         5.968e-04       0.9      1.05     yes
    1306.2         5.983e-04       0.9      1.00     yes
    1367.0         6.008e-04       1.3      1.06     yes
     242.8         6.018e-04       1.2      1.00     yes
     290.8         6.044e-04       1.4      1.00     yes
    2358.2         6.153e-04       1.0      1.07     yes
     336.0         6.154e-04       1.5      1.10     yes
    1955.8         6.158e-04       0.5      1.00     yes
    1944.2         6.172e-04       0.5      1.00     yes
     206.2         6.174e-04       2.1      1.00     yes
    1278.0         6.253e-04       7.6      1.03     NO*
     809.2         6.274e-04       1.5      1.07     yes
    1031.0         6.291e-04       8.8      1.09     NO*
    1057.8         6.302e-04       0.9      1.00     yes
     608.8         6.314e-04       1.9      1.03     yes
     583.0         6.324e-04       3.7      1.29     yes
    2441.2         6.349e-04       1.0      1.01     yes
     633.8         6.410e-04       1.5      1.27     yes
     892.2         6.450e-04       0.6      1.00     yes
    1094.2         6.459e-04       1.2      1.00     yes
    1389.2         6.472e-04       1.0      1.00     yes
     940.2         6.531e-04      19.3      1.03     NO*
     224.0         6.610e-04       1.2      1.03     yes
     179.5         6.631e-04       0.9      1.11     yes
    1919.2         6.667e-04       3.5      1.05     yes
    1166.0         6.777e-04       1.3      1.13     yes
     135.0         6.793e-04       2.9      1.00     yes
    1413.0         6.896e-04       1.7      1.05     yes
    1838.0         7.010e-04       0.8      1.05     yes
     691.8         7.062e-04       4.6      1.00     yes
     159.8         7.150e-04       1.1      1.00     yes
    1973.0         7.154e-04       1.7      1.08     yes
     112.0         7.295e-04       2.9      1.02     yes
      88.8         7.339e-04       1.4      1.08     yes
    1992.2         7.399e-04       0.9      1.00     yes
     194.8         7.482e-04       0.9      1.00     yes
    1772.0         7.540e-04       1.4      1.16     yes
    1637.0         7.845e-04       2.2      1.06     yes
    1569.5         7.919e-04       2.3      1.06     yes
    1743.8         8.148e-04       1.2      1.00     yes
    1791.8         8.317e-04       1.2      1.04     yes
    1813.2         8.369e-04       1.0      1.08     yes
      63.8         8.683e-04      16.7      1.03     NO*
      42.2         8.747e-04       0.8      1.00     yes
    1660.8         9.813e-04       3.1      1.00     yes
    1436.0         9.889e-04       2.9      1.02     yes
    1543.2         1.019e-03       1.1      1.00     yes
    1589.8         1.059e-03       2.1      1.19     yes
    1614.0         1.157e-03       1.7      1.02     yes
    1681.5         1.386e-03       1.6      1.26     yes
    1726.0         1.417e-03       1.8      1.06     yes
    1707.2         1.511e-03       1.5      1.00     yes
    1525.0         1.670e-03       2.7      1.03     yes
      27.2         2.071e-03       1.6      1.00     yes
    1458.8         3.030e-03       2.5      1.00     yes
    1506.8         4.329e-03       1.0      1.00     yes
    1479.0         5.239e-03       2.1      1.02     yes
    1861.2         1.340e-02      26.7     33.59     NO*
  consensus floor = 6.153e-04 mV^2/Hz over 95 clean bands  ->  Var(n) = 0.0025 mV^2  (RMS 49.6 uV)
  carrier a = 161.021 mV  ->  SNR = 67.2 dB in the 4 Hz demod band

========================================================================
A2V-16_3
========================================================================
 center Hz   density mV^2/Hz  worst dB  bw_ratio   clean
     857.2         5.255e-04       1.0      1.00     yes
    2286.0         5.391e-04       4.4      1.09     yes
    1057.8         5.537e-04       1.9      1.00     yes
    2264.5         5.652e-04       2.9      1.08     yes
     655.2         5.729e-04       1.7      1.00     yes
     809.2         5.888e-04       1.5      1.05     yes
     313.0         5.983e-04       1.1      1.07     yes
    2358.2         5.997e-04       1.5      1.08     yes
    1115.8         6.052e-04       1.7      1.06     yes
     560.8         6.061e-04       1.3      1.14     yes
     761.2         6.064e-04       9.3      1.01     NO*
    1222.0         6.140e-04       1.7      1.08     yes
     471.0         6.143e-04       1.4      1.07     yes
     965.0         6.153e-04       3.5      1.07     yes
    2131.0         6.225e-04       2.1      1.07     yes
    1306.2         6.246e-04       1.5      1.00     yes
    2240.8         6.248e-04       1.7      1.06     yes
    2220.0         6.274e-04       1.5      1.24     yes
    1992.2         6.295e-04       1.2      1.00     yes
    1077.0         6.308e-04       2.3      1.04     yes
     739.8         6.319e-04       1.2      1.00     yes
    2192.8         6.347e-04       1.2      1.00     yes
    2085.0         6.395e-04       1.0      1.03     yes
     159.8         6.423e-04       2.8      1.31     yes
    1009.8         6.426e-04       1.0      1.05     yes
     179.5         6.428e-04       2.2      1.10     yes
     491.2         6.435e-04       1.1      1.00     yes
    1094.2         6.444e-04       0.5      1.00     yes
    2109.8         6.447e-04       1.4      1.08     yes
     986.5         6.507e-04       1.0      1.03     yes
     270.0         6.553e-04       1.2      1.00     yes
    2441.2         6.560e-04       0.9      1.02     yes
    1331.2         6.595e-04       1.4      1.03     yes
     633.8         6.598e-04       1.5      1.02     yes
    1278.0         6.627e-04       3.3      1.01     yes
    2383.2         6.644e-04       8.3      1.08     NO*
     919.0         6.674e-04      17.7      1.03     NO*
    2174.0         6.680e-04       2.5      1.04     yes
    1140.8         6.698e-04       0.8      1.00     yes
    2421.0         6.700e-04       1.3      1.03     yes
    2028.8         6.719e-04       1.7      1.06     yes
     242.8         6.732e-04       1.6      1.00     yes
    1258.2         6.739e-04       1.2      1.05     yes
     608.8         6.752e-04       1.3      1.01     yes
     527.0         6.818e-04       1.4      1.07     yes
     874.5         6.828e-04       1.5      1.00     yes
    1031.0         6.833e-04       6.7      1.11     NO*
    2332.0         6.840e-04       1.1      1.02     yes
    2489.2         6.854e-04       1.2      1.08     yes
     360.2         6.857e-04       1.2      1.03     yes
     336.0         6.861e-04       1.7      1.04     yes
     672.0         6.868e-04      11.1      1.03     NO*
    1884.0         6.874e-04       1.5      1.01     yes
    1944.2         6.890e-04       1.1      1.00     yes
     718.0         6.927e-04       2.4      1.07     yes
    2310.2         6.957e-04       1.1      1.00     yes
    2467.0         6.957e-04       9.6      1.14     NO*
     583.0         6.973e-04       4.3      1.06     yes
    1367.0         6.979e-04       1.5      1.08     yes
     290.8         7.058e-04       1.1      1.08     yes
     135.0         7.072e-04       1.2      1.03     yes
    1188.8         7.073e-04       1.2      1.08     yes
    1389.2         7.074e-04       1.4      1.09     yes
     194.8         7.115e-04       0.9      1.00     yes
    2062.0         7.120e-04       3.0      1.02     yes
     892.2         7.126e-04       0.6      1.00     yes
    1166.0         7.177e-04       1.0      1.01     yes
    1294.8         7.267e-04       1.0      1.00     yes
     784.0         7.339e-04       1.0      1.05     yes
    1919.2         7.446e-04       3.0      1.10     yes
    2156.2         7.549e-04       1.5      1.00     yes
     382.0         7.558e-04       1.0      1.07     yes
     830.0         7.645e-04       7.4      1.09     NO*
    1955.8         7.709e-04       0.7      1.00     yes
    1791.8         7.714e-04       1.3      1.01     yes
     691.8         8.059e-04       3.9      1.05     yes
    1413.0         8.164e-04       0.8      1.08     yes
     940.2         8.264e-04      17.6      1.04     NO*
      88.8         8.325e-04       1.5      1.00     yes
     224.0         8.454e-04       1.7      1.09     yes
     112.0         8.528e-04       1.6      1.18     yes
    1838.0         8.532e-04       1.2      1.08     yes
    1973.0         8.602e-04       1.2      1.03     yes
     206.2         8.854e-04       0.8      1.00     yes
    1772.0         9.023e-04       1.4      1.08     yes
      63.8         9.398e-04      16.4      1.20     NO*
    1755.2         9.491e-04       0.5      1.00     yes
    1436.0         9.615e-04       2.7      1.05     yes
    1569.5         9.878e-04       2.5      1.02     yes
    1543.2         9.938e-04       1.2      1.00     yes
    1637.0         9.993e-04       1.7      1.01     yes
      42.2         1.107e-03       1.8      1.00     yes
    1813.2         1.118e-03       1.1      1.18     yes
    1660.8         1.119e-03       2.0      1.21     yes
    1743.8         1.131e-03       1.1      1.00     yes
    1589.8         1.239e-03       1.1      1.05     yes
    1614.0         1.307e-03       2.0      1.18     yes
    1726.0         1.557e-03       1.7      1.01     yes
    1681.5         1.827e-03       1.6      1.00     yes
    1525.0         1.872e-03       1.9      1.12     yes
    1707.2         1.879e-03       1.4      1.00     yes
      27.2         2.060e-03       1.5      1.00     yes
    1458.8         3.340e-03       2.2      1.01     yes
    1506.8         4.175e-03       0.9      1.00     yes
    1479.0         5.666e-03       1.7      1.02     yes
    1861.2         1.106e-02      25.1     25.99     NO*
  consensus floor = 6.882e-04 mV^2/Hz over 96 clean bands  ->  Var(n) = 0.0028 mV^2  (RMS 52.5 uV)
  carrier a = 148.253 mV  ->  SNR = 66.0 dB in the 4 Hz demod band

========================================================================
A2V-16_4
========================================================================
 center Hz   density mV^2/Hz  worst dB  bw_ratio   clean
     672.0         6.556e-04       8.5      1.17     NO*
     965.0         6.569e-04       2.8      1.17     yes
    2220.0         6.634e-04       1.0      1.01     yes
    2383.2         6.662e-04       6.4      1.12     NO*
     560.8         6.693e-04       1.3      1.03     yes
     986.5         6.736e-04       1.4      1.03     yes
    2131.0         6.857e-04       1.6      1.05     yes
    2085.0         6.891e-04       2.4      1.00     yes
     491.2         6.937e-04       1.2      1.05     yes
     809.2         6.951e-04       1.5      1.06     yes
    2332.0         6.973e-04       1.5      1.17     yes
    1306.2         6.974e-04       1.0      1.00     yes
    2286.0         6.977e-04       2.8      1.01     yes
     784.0         7.023e-04       2.0      1.06     yes
    2174.0         7.080e-04       1.2      1.12     yes
     940.2         7.083e-04      16.2      1.02     NO*
    2310.2         7.104e-04       1.1      1.20     yes
    1140.8         7.119e-04       0.8      1.13     yes
    1094.2         7.135e-04       1.0      1.00     yes
     382.0         7.136e-04       1.6      1.00     yes
     527.0         7.196e-04       1.5      1.07     yes
    2264.5         7.212e-04       1.2      1.06     yes
    1258.2         7.223e-04       1.0      1.01     yes
    2028.8         7.248e-04       1.4      1.03     yes
    2192.8         7.368e-04       1.5      1.00     yes
     739.8         7.372e-04       1.7      1.09     yes
    2062.0         7.392e-04       2.1      1.04     yes
    2240.8         7.398e-04       1.4      1.13     yes
    1944.2         7.400e-04       1.2      1.00     yes
     583.0         7.429e-04       3.4      1.04     yes
    1278.0         7.437e-04       1.2      1.01     yes
     471.0         7.438e-04       1.6      1.06     yes
    1077.0         7.446e-04       3.1      1.03     yes
    1166.0         7.454e-04       1.4      1.00     yes
     290.8         7.462e-04       1.8      1.02     yes
    2467.0         7.493e-04       6.4      1.02     NO*
    1367.0         7.549e-04       0.9      1.07     yes
     874.5         7.565e-04       1.4      1.08     yes
     919.0         7.624e-04      14.6      1.03     NO*
    2441.2         7.636e-04       5.1      1.02     yes
    1973.0         7.650e-04       1.6      1.11     yes
    2489.2         7.705e-04       1.3      1.01     yes
     655.2         7.707e-04       0.6      1.00     yes
     270.0         7.764e-04       1.4      1.12     yes
    1955.8         7.815e-04       1.0      1.00     yes
    2421.0         7.843e-04       1.0      1.01     yes
    1031.0         7.851e-04       5.7      1.17     yes
     830.0         7.886e-04       4.6      1.05     yes
    1331.2         7.894e-04       1.9      1.06     yes
    1389.2         7.902e-04       1.1      1.04     yes
     761.2         7.911e-04       6.6      1.11     NO*
    1222.0         7.932e-04       1.6      1.00     yes
     313.0         7.959e-04       1.3      1.01     yes
    1009.8         7.980e-04       3.4      1.03     yes
    1057.8         8.008e-04       1.0      1.00     yes
    1188.8         8.015e-04       1.4      1.00     yes
    2156.2         8.023e-04       0.8      1.00     yes
     608.8         8.038e-04       1.5      1.17     yes
     336.0         8.047e-04       1.7      1.06     yes
    2109.8         8.121e-04       0.9      1.08     yes
    1884.0         8.129e-04       1.7      1.05     yes
     633.8         8.195e-04       1.1      1.03     yes
    2358.2         8.235e-04       1.3      1.02     yes
     242.8         8.245e-04       1.9      1.00     yes
     159.8         8.290e-04       1.3      1.06     yes
     718.0         8.294e-04       2.1      1.15     yes
     179.5         8.302e-04       1.8      1.10     yes
    1115.8         8.319e-04       1.5      1.09     yes
    1294.8         8.416e-04       0.6      1.00     yes
     360.2         8.517e-04       1.3      1.04     yes
    1919.2         8.859e-04       3.0      1.11     yes
    1992.2         8.876e-04       3.6      1.00     yes
     206.2         8.938e-04       0.8      1.00     yes
     857.2         9.063e-04       0.7      1.00     yes
    1772.0         9.086e-04       1.7      1.22     yes
      42.2         9.124e-04       1.3      1.00     yes
    1755.2         9.255e-04       1.5      1.00     yes
      27.2         9.298e-04       0.8      1.00     yes
    1791.8         9.301e-04       1.2      1.01     yes
     224.0         9.321e-04       1.9      1.02     yes
      63.8         9.447e-04      12.1      1.14     NO*
    1413.0         9.507e-04       1.4      1.05     yes
     691.8         9.574e-04       3.0      1.26     yes
      88.8         9.619e-04       1.4      1.06     yes
     194.8         9.851e-04       0.7      1.00     yes
    1569.5         9.858e-04       2.5      1.03     yes
     112.0         9.926e-04       4.5      1.03     yes
     892.2         1.004e-03       2.9      1.00     yes
     135.0         1.023e-03       0.9      1.03     yes
    1436.0         1.039e-03       5.6      1.06     yes
    1838.0         1.080e-03       1.6      1.06     yes
    1813.2         1.117e-03       1.5      1.04     yes
    1637.0         1.144e-03       1.6      1.02     yes
    1543.2         1.165e-03       0.9      1.00     yes
    1743.8         1.217e-03       1.1      1.00     yes
    1614.0         1.465e-03       1.7      1.04     yes
    1589.8         1.557e-03       1.4      1.14     yes
    1660.8         1.606e-03       1.9      1.00     yes
    1525.0         1.697e-03       2.0      1.21     yes
    1726.0         1.812e-03       1.2      1.02     yes
    1681.5         1.959e-03       1.6      1.00     yes
    1707.2         2.381e-03       1.8      1.00     yes
    1458.8         3.846e-03       2.7      1.01     yes
    1506.8         4.951e-03       0.6      1.00     yes
    1479.0         6.612e-03       2.3      1.11     yes
    1861.2         2.625e-02      28.5     62.37     NO*
  consensus floor = 8.012e-04 mV^2/Hz over 98 clean bands  ->  Var(n) = 0.0032 mV^2  (RMS 56.6 uV)
  carrier a = 112.809 mV  ->  SNR = 63.0 dB in the 4 Hz demod band
