FULL PER-BAND NOISE-FLOOR TABLE
Fs = 5000.00 Hz  carrier = 930.500 Hz  Nyquist = 2500.0 Hz
record = 150000 samples (30.0 s)  Welch NFFT = 8192  bin = 0.610 Hz
candidate carrier-free bands = 106  (guard ±3.0 Hz from every comb line)
'clean' = no bin > band-median + 6.0 dB;  bw_ratio = density spread across halfwidths [2, 5, 10, 20]

========================================================================
BPW34_1
========================================================================
 center Hz   density mV^2/Hz  worst dB  bw_ratio   clean
    2358.2         2.564e-04       1.1      1.00     yes
     874.5         2.585e-04       4.3      1.35     yes
    2489.2         2.598e-04       2.6      1.14     yes
    1057.8         2.637e-04       1.6      1.00     yes
    1115.8         2.676e-04       2.7      1.09     yes
    2421.0         2.705e-04       1.0      1.03     yes
     672.0         2.719e-04      13.8      1.05     NO*
     655.2         2.754e-04       0.5      1.00     yes
     633.8         2.813e-04       3.1      1.04     yes
     965.0         2.818e-04       2.9      1.30     yes
    1258.2         2.821e-04       2.7      1.04     yes
    2264.5         2.855e-04       4.2      1.09     yes
    2441.2         2.868e-04       2.8      1.02     yes
     986.5         2.925e-04       3.3      1.15     yes
    2467.0         2.926e-04      12.4      1.13     NO*
    2383.2         2.926e-04      11.6      1.15     NO*
    2286.0         2.946e-04       6.8      1.03     NO*
     809.2         2.991e-04       3.4      1.05     yes
    1140.8         3.000e-04       1.6      1.02     yes
     527.0         3.022e-04       2.8      1.05     yes
     718.0         3.039e-04       5.4      1.33     yes
    1077.0         3.043e-04       5.2      1.04     yes
    2332.0         3.091e-04       1.4      1.01     yes
    1222.0         3.109e-04       1.9      1.01     yes
     242.8         3.116e-04       4.0      1.00     yes
    2220.0         3.116e-04       3.2      1.10     yes
    2240.8         3.126e-04       1.8      1.18     yes
    1188.8         3.157e-04       3.0      1.01     yes
    1637.0         3.181e-04       1.5      1.04     yes
     784.0         3.199e-04       5.7      1.11     yes
    2310.2         3.227e-04       2.9      1.00     yes
    1543.2         3.259e-04       2.9      1.00     yes
    1031.0         3.349e-04      11.0      1.40     NO*
     560.8         3.358e-04       0.9      1.03     yes
     471.0         3.371e-04       2.1      1.09     yes
    1660.8         3.408e-04       1.7      1.09     yes
    1458.8         3.442e-04       1.4      1.00     yes
     857.2         3.447e-04       3.1      1.00     yes
    1009.8         3.478e-04      11.3      1.08     NO*
     739.8         3.482e-04       1.1      1.00     yes
    1094.2         3.525e-04       0.7      1.00     yes
    1436.0         3.534e-04       1.7      1.03     yes
     491.2         3.534e-04       1.6      1.01     yes
    2192.8         3.539e-04       1.2      1.00     yes
    1589.8         3.546e-04       3.9      1.06     yes
    1166.0         3.551e-04       2.6      1.18     yes
    2174.0         3.584e-04       2.3      1.00     yes
     360.2         3.602e-04       5.6      1.03     yes
    1331.2         3.629e-04       2.5      1.07     yes
     761.2         3.734e-04      11.2      1.20     NO*
     336.0         3.751e-04       1.8      1.01     yes
     608.8         3.829e-04       2.2      1.00     yes
     830.0         3.842e-04       7.7      1.03     NO*
    1278.0         3.844e-04       6.9      1.12     NO*
     583.0         3.894e-04       4.3      1.09     yes
    2062.0         3.909e-04       3.4      1.04     yes
    1569.5         3.929e-04       1.7      1.05     yes
     270.0         3.948e-04       2.0      1.03     yes
     892.2         3.963e-04       2.9      1.00     yes
    1681.5         4.007e-04       2.5      1.07     yes
    1367.0         4.045e-04       1.4      1.04     yes
     135.0         4.073e-04       1.0      1.12     yes
    1413.0         4.108e-04       2.9      1.00     yes
     224.0         4.109e-04       3.7      1.14     yes
    1707.2         4.241e-04       1.8      1.00     yes
     382.0         4.279e-04       2.1      1.03     yes
    1479.0         4.356e-04       1.3      1.02     yes
    2156.2         4.389e-04       3.0      1.00     yes
    1525.0         4.428e-04       1.7      1.05     yes
     313.0         4.465e-04       1.0      1.03     yes
    1294.8         4.568e-04       1.8      1.00     yes
     159.8         4.601e-04       1.3      1.02     yes
    1726.0         4.630e-04       2.7      1.00     yes
     691.8         4.667e-04       5.7      1.00     yes
    1389.2         4.744e-04       1.8      1.05     yes
    1614.0         4.800e-04       1.0      1.03     yes
     290.8         4.889e-04       2.3      1.03     yes
    2085.0         5.042e-04       1.7      1.11     yes
    1743.8         5.334e-04       0.6      1.00     yes
     112.0         5.888e-04      16.3      1.08     NO*
    1884.0         5.966e-04       1.7      1.10     yes
     206.2         5.982e-04       1.4      1.00     yes
    1306.2         6.126e-04       1.8      1.00     yes
    1506.8         6.230e-04       0.8      1.00     yes
     194.8         6.999e-04       0.7      1.00     yes
     179.5         7.214e-04       8.5      1.57     NO*
      88.8         7.316e-04       1.2      1.13     yes
      63.8         8.072e-04      20.2      1.25     NO*
    1955.8         8.421e-04       1.4      1.00     yes
    1838.0         8.446e-04       2.4      1.05     yes
     919.0         9.742e-04      19.8      1.00     NO*
    2109.8         1.054e-03       4.2      1.01     yes
    2131.0         1.121e-03       1.8      1.06     yes
      42.2         1.122e-03       2.1      1.00     yes
    1944.2         1.321e-03       0.7      1.00     yes
    1755.2         1.339e-03       0.3      1.00     yes
    2028.8         1.478e-03       6.3      1.08     NO*
    1919.2         1.560e-03       3.5      1.13     yes
     940.2         1.569e-03      18.5      1.00     NO*
      27.2         2.295e-03       2.9      1.00     yes
    1973.0         2.927e-03       3.4      1.06     yes
    1772.0         4.884e-03       3.1      1.00     yes
    1813.2         5.084e-03       4.0      1.04     yes
    1992.2         6.153e-03       3.5      1.00     yes
    1861.2         9.111e-03      24.8     25.58     NO*
    1791.8         1.121e-02       1.7      1.03     yes
  consensus floor = 3.861e-04 mV^2/Hz over 90 clean bands  ->  Var(n) = 0.0015 mV^2  (RMS 39.3 uV)
  carrier a = 140.757 mV  ->  SNR = 68.1 dB in the 4 Hz demod band

========================================================================
BPW34_2
========================================================================
 center Hz   density mV^2/Hz  worst dB  bw_ratio   clean
    2467.0         3.488e-04      13.2      1.04     NO*
    1057.8         3.653e-04       0.7      1.00     yes
    2264.5         3.831e-04       3.6      1.05     yes
    2489.2         3.835e-04       1.8      1.07     yes
    2358.2         3.848e-04       1.1      1.11     yes
     672.0         3.848e-04      13.5      1.01     NO*
    2441.2         3.850e-04       2.3      1.18     yes
    1094.2         3.947e-04       1.3      1.00     yes
    1140.8         3.956e-04       7.3      1.13     NO*
    2421.0         4.028e-04       1.2      1.06     yes
    2332.0         4.034e-04       1.6      1.13     yes
     965.0         4.036e-04       6.1      1.18     NO*
    2286.0         4.041e-04       7.2      1.01     NO*
    1115.8         4.049e-04       1.5      1.18     yes
    1660.8         4.074e-04       1.3      1.00     yes
     857.2         4.075e-04       1.5      1.00     yes
    2383.2         4.088e-04      11.2      1.21     NO*
     336.0         4.093e-04       1.5      1.03     yes
     761.2         4.101e-04      12.2      1.05     NO*
    2310.2         4.102e-04       3.2      1.06     yes
     583.0         4.143e-04       4.3      1.00     yes
     784.0         4.158e-04      13.2      1.07     NO*
     809.2         4.187e-04       1.6      1.02     yes
    1458.8         4.233e-04       1.9      1.00     yes
     633.8         4.237e-04       1.1      1.04     yes
    2192.8         4.244e-04       2.1      1.00     yes
    1222.0         4.261e-04       1.5      1.00     yes
    1258.2         4.277e-04       5.6      1.01     yes
    2174.0         4.323e-04       2.7      1.03     yes
     655.2         4.328e-04       0.8      1.00     yes
     986.5         4.347e-04       1.2      1.08     yes
    1367.0         4.348e-04       1.7      1.01     yes
    1188.8         4.380e-04       1.4      1.03     yes
     718.0         4.403e-04      11.5      1.11     NO*
     830.0         4.445e-04       8.2      1.00     NO*
    1031.0         4.470e-04      10.6      1.06     NO*
    1543.2         4.489e-04       1.7      1.00     yes
    2240.8         4.497e-04       1.8      1.21     yes
     874.5         4.526e-04       3.5      1.02     yes
    1278.0         4.580e-04       5.8      1.01     yes
     560.8         4.585e-04       1.1      1.06     yes
    1009.8         4.606e-04       8.0      1.01     NO*
     527.0         4.624e-04      19.7      1.12     NO*
    1166.0         4.626e-04       2.4      1.09     yes
    1707.2         4.655e-04       2.4      1.00     yes
    1569.5         4.689e-04       1.2      1.17     yes
     739.8         4.690e-04       2.0      1.06     yes
     471.0         4.733e-04       9.0      1.07     NO*
    1077.0         4.817e-04       7.4      1.09     NO*
     608.8         4.835e-04       2.1      1.03     yes
    2220.0         4.841e-04       1.4      1.00     yes
    2156.2         4.848e-04       1.0      1.00     yes
     892.2         4.897e-04       2.1      1.00     yes
    1589.8         4.931e-04       2.6      1.27     yes
     491.2         4.970e-04       1.1      1.01     yes
     382.0         5.016e-04       1.2      1.23     yes
    1479.0         5.048e-04       2.0      1.09     yes
     242.8         5.091e-04      26.5      1.00     NO*
    1331.2         5.126e-04       6.6      1.15     NO*
    1413.0         5.164e-04       1.6      1.11     yes
    1436.0         5.198e-04       1.3      1.06     yes
    2085.0         5.265e-04       1.4      1.00     yes
     270.0         5.277e-04       1.6      1.03     yes
     135.0         5.344e-04       1.5      1.00     yes
    1743.8         5.366e-04       0.9      1.00     yes
     691.8         5.367e-04       5.6      1.13     yes
     224.0         5.370e-04       2.3      1.07     yes
    1637.0         5.401e-04       1.3      1.07     yes
    1614.0         5.443e-04       4.3      1.03     yes
    1389.2         5.455e-04       1.6      1.00     yes
    1525.0         5.610e-04       3.4      1.01     yes
    2062.0         5.681e-04       4.4      1.08     yes
    1681.5         5.715e-04       4.5      1.01     yes
    1726.0         5.787e-04       1.7      1.01     yes
    1306.2         5.805e-04       1.2      1.00     yes
     159.8         6.084e-04       1.4      1.02     yes
     313.0         6.114e-04       1.2      1.00     yes
     206.2         6.482e-04       0.7      1.00     yes
     194.8         6.558e-04       0.9      1.00     yes
    1506.8         6.626e-04       1.2      1.00     yes
     112.0         6.811e-04      50.2      1.13     NO*
    1884.0         7.058e-04       1.7      1.22     yes
     290.8         7.215e-04       1.3      1.01     yes
      88.8         7.445e-04       2.0      1.10     yes
    1294.8         7.446e-04       0.5      1.00     yes
    1838.0         9.148e-04       2.2      1.06     yes
     919.0         9.209e-04      20.2      1.00     NO*
    2109.8         1.056e-03       4.2      1.35     yes
     360.2         1.060e-03      25.0      3.46     NO*
    1755.2         1.150e-03       1.1      1.00     yes
      42.2         1.154e-03       6.0      1.00     NO*
    1955.8         1.181e-03       1.2      1.00     yes
    1944.2         1.205e-03       1.1      1.00     yes
    2131.0         1.268e-03       1.7      1.00     yes
    2028.8         1.275e-03       5.9      1.00     yes
     940.2         1.397e-03      19.0      1.02     NO*
    1919.2         1.534e-03       3.1      1.12     yes
      27.2         2.086e-03       3.1      1.00     yes
      63.8         2.468e-03      59.0      1.60     NO*
    1973.0         2.721e-03       3.6      1.08     yes
     179.5         3.059e-03      38.2      7.57     NO*
    1772.0         4.038e-03       3.5      1.02     yes
    1813.2         4.327e-03       3.5      1.00     yes
    1992.2         4.514e-03       4.1      1.00     yes
    1791.8         9.914e-03       1.9      1.16     yes
    1861.2         1.097e-02      24.7     25.32     NO*
  consensus floor = 5.016e-04 mV^2/Hz over 81 clean bands  ->  Var(n) = 0.0020 mV^2  (RMS 44.8 uV)
  carrier a = 164.424 mV  ->  SNR = 68.3 dB in the 4 Hz demod band

========================================================================
Inano_1
========================================================================
 center Hz   density mV^2/Hz  worst dB  bw_ratio   clean
     527.0         3.848e-04      19.3      1.26     NO*
    1057.8         3.902e-04       2.2      1.00     yes
    2332.0         4.030e-04       1.6      1.05     yes
    2441.2         4.052e-04       1.6      1.01     yes
     761.2         4.055e-04      10.7      1.00     NO*
     892.2         4.072e-04       2.0      1.00     yes
     633.8         4.140e-04       1.6      1.05     yes
     857.2         4.241e-04       0.7      1.00     yes
     471.0         4.263e-04       8.9      1.05     NO*
    1222.0         4.271e-04       1.5      1.07     yes
     608.8         4.378e-04       1.4      1.11     yes
    2358.2         4.379e-04       1.4      1.00     yes
    2264.5         4.395e-04       2.5      1.01     yes
    1660.8         4.465e-04       1.3      1.00     yes
    2383.2         4.468e-04       9.4      1.13     NO*
    1188.8         4.473e-04       2.0      1.00     yes
     739.8         4.489e-04       1.6      1.03     yes
    1115.8         4.517e-04       2.1      1.14     yes
    2467.0         4.531e-04      10.8      1.00     NO*
     965.0         4.547e-04       6.2      1.05     NO*
    2192.8         4.576e-04       2.5      1.00     yes
    1637.0         4.605e-04       1.5      1.00     yes
     672.0         4.614e-04      12.2      1.02     NO*
    2310.2         4.639e-04       1.6      1.17     yes
     986.5         4.645e-04       2.6      1.06     yes
     655.2         4.668e-04       1.5      1.00     yes
     874.5         4.701e-04       2.3      1.14     yes
    2286.0         4.709e-04       6.7      1.03     NO*
    2174.0         4.729e-04       2.0      1.25     yes
     560.8         4.731e-04       1.2      1.09     yes
    1258.2         4.794e-04       5.3      1.05     yes
     784.0         4.795e-04      12.9      1.00     NO*
     583.0         4.798e-04       3.9      1.01     yes
    1140.8         4.805e-04       6.9      1.27     NO*
    2421.0         4.827e-04       1.3      1.03     yes
    1166.0         4.835e-04       1.1      1.01     yes
     491.2         4.845e-04       1.1      1.05     yes
    1009.8         4.872e-04       7.1      1.24     NO*
     809.2         4.906e-04       1.8      1.03     yes
    2489.2         4.976e-04       1.0      1.01     yes
    1367.0         5.059e-04       1.6      1.14     yes
    1569.5         5.062e-04       0.8      1.01     yes
    1681.5         5.074e-04       3.2      1.08     yes
     830.0         5.094e-04       7.6      1.02     NO*
    1031.0         5.106e-04       9.7      1.28     NO*
    1458.8         5.126e-04       0.9      1.01     yes
     224.0         5.161e-04       2.3      1.09     yes
    1094.2         5.169e-04       1.3      1.00     yes
    1077.0         5.208e-04       6.6      1.00     NO*
    2220.0         5.214e-04       1.0      1.07     yes
     242.8         5.255e-04      26.5      1.00     NO*
    2240.8         5.299e-04       1.4      1.13     yes
    1543.2         5.309e-04       0.8      1.00     yes
     313.0         5.347e-04       2.0      1.00     yes
     718.0         5.381e-04      10.5      1.06     NO*
     382.0         5.423e-04       0.8      1.02     yes
    1331.2         5.424e-04       5.3      1.19     yes
     691.8         5.436e-04       5.2      1.13     yes
    2156.2         5.455e-04       1.9      1.00     yes
    1525.0         5.582e-04       2.2      1.04     yes
    1589.8         5.617e-04       1.6      1.00     yes
    1614.0         5.623e-04       1.6      1.01     yes
    1413.0         5.648e-04       1.0      1.06     yes
    1436.0         5.649e-04       1.4      1.02     yes
    1479.0         5.694e-04       2.0      1.09     yes
     135.0         5.727e-04       0.9      1.11     yes
    1278.0         5.754e-04       4.3      1.05     yes
    2062.0         5.916e-04       3.4      1.08     yes
    2085.0         5.959e-04       1.2      1.03     yes
     336.0         5.968e-04       1.1      1.18     yes
     159.8         5.975e-04       2.8      1.16     yes
    1707.2         6.121e-04       0.7      1.00     yes
    1726.0         6.139e-04       2.1      1.00     yes
     270.0         6.208e-04       1.5      1.09     yes
     112.0         6.621e-04      49.7      1.11     NO*
     194.8         6.626e-04       0.4      1.00     yes
     290.8         6.765e-04       1.3      1.05     yes
    1389.2         6.871e-04       1.3      1.17     yes
    1306.2         6.888e-04       1.5      1.00     yes
    1506.8         7.015e-04       1.3      1.00     yes
    1294.8         7.067e-04       0.9      1.00     yes
    1884.0         7.107e-04       1.2      1.08     yes
    1743.8         7.660e-04       0.9      1.00     yes
     206.2         7.862e-04       1.0      1.00     yes
     919.0         8.483e-04      19.9      1.00     NO*
      88.8         8.659e-04       1.1      1.02     yes
    1838.0         9.871e-04       2.1      1.12     yes
     360.2         1.018e-03      24.2      2.39     NO*
    1944.2         1.130e-03       1.1      1.00     yes
      42.2         1.154e-03       5.6      1.00     yes
    2109.8         1.164e-03       3.6      1.07     yes
    1955.8         1.200e-03       0.7      1.00     yes
     940.2         1.237e-03      18.7      1.03     NO*
    2131.0         1.357e-03       2.5      1.01     yes
    2028.8         1.422e-03       6.1      1.00     NO*
    1919.2         1.457e-03       3.8      1.23     yes
    1755.2         1.466e-03       1.1      1.00     yes
      27.2         1.735e-03       3.5      1.00     yes
      63.8         2.620e-03      60.0      1.78     NO*
    1973.0         3.043e-03       2.9      1.10     yes
     179.5         3.056e-03      37.9      7.24     NO*
    1813.2         4.234e-03       4.1      1.11     yes
    1772.0         4.643e-03       3.0      1.05     yes
    1992.2         5.298e-03       3.6      1.00     yes
    1791.8         1.023e-02       1.8      1.11     yes
    1861.2         1.165e-02      24.6     21.81     NO*
  consensus floor = 5.430e-04 mV^2/Hz over 82 clean bands  ->  Var(n) = 0.0022 mV^2  (RMS 46.6 uV)
  carrier a = 148.206 mV  ->  SNR = 67.0 dB in the 4 Hz demod band

========================================================================
Inano_2
========================================================================
 center Hz   density mV^2/Hz  worst dB  bw_ratio   clean
    2240.8         4.781e-04       1.5      1.09     yes
    1057.8         4.899e-04       1.2      1.00     yes
    2467.0         4.985e-04      11.4      1.16     NO*
    1569.5         5.049e-04       1.6      1.00     yes
    1094.2         5.244e-04       0.9      1.00     yes
    2489.2         5.350e-04       2.6      1.12     yes
     986.5         5.350e-04       0.9      1.08     yes
    2441.2         5.451e-04       2.5      1.04     yes
     784.0         5.556e-04       4.4      1.02     yes
     857.2         5.579e-04       1.9      1.00     yes
    2358.2         5.581e-04       1.6      1.02     yes
    2286.0         5.582e-04       5.9      1.02     yes
    1115.8         5.665e-04       1.8      1.18     yes
     892.2         5.706e-04       5.0      1.00     yes
     471.0         5.739e-04       2.0      1.08     yes
     761.2         5.748e-04      10.4      1.06     NO*
    1140.8         5.767e-04       1.5      1.10     yes
     672.0         5.831e-04      12.3      1.07     NO*
    2264.5         5.853e-04       3.0      1.03     yes
    1077.0         5.869e-04       3.6      1.09     yes
     633.8         5.909e-04       2.2      1.17     yes
     527.0         5.930e-04       2.6      1.10     yes
     560.8         5.979e-04       1.1      1.14     yes
     809.2         6.009e-04       1.7      1.04     yes
     718.0         6.016e-04       3.3      1.00     yes
    2383.2         6.038e-04       9.4      1.05     NO*
     830.0         6.141e-04       8.1      1.02     NO*
     965.0         6.143e-04       2.6      1.04     yes
     874.5         6.154e-04       4.1      1.09     yes
    2310.2         6.175e-04       2.5      1.03     yes
     336.0         6.182e-04       1.0      1.13     yes
    1188.8         6.211e-04       2.5      1.05     yes
    2421.0         6.215e-04       1.2      1.07     yes
    1681.5         6.239e-04       1.2      1.10     yes
    1637.0         6.251e-04       1.1      1.00     yes
    2192.8         6.277e-04       1.7      1.00     yes
    1543.2         6.288e-04       1.1      1.00     yes
    2174.0         6.307e-04       1.5      1.01     yes
     655.2         6.361e-04       1.5      1.00     yes
    1331.2         6.362e-04       1.8      1.04     yes
    1458.8         6.421e-04       1.6      1.02     yes
    2332.0         6.473e-04       2.3      1.26     yes
     608.8         6.494e-04       1.0      1.03     yes
    1222.0         6.508e-04       1.5      1.20     yes
     242.8         6.535e-04       2.1      1.00     yes
     739.8         6.538e-04       1.2      1.00     yes
    2062.0         6.562e-04       3.8      1.03     yes
    1258.2         6.590e-04       1.2      1.09     yes
    1367.0         6.649e-04       1.7      1.02     yes
    1436.0         6.679e-04       1.4      1.14     yes
     360.2         6.693e-04       2.7      1.00     yes
    1009.8         6.799e-04       7.3      1.15     NO*
     583.0         6.812e-04       2.9      1.15     yes
     135.0         6.828e-04       1.8      1.21     yes
     224.0         6.880e-04       1.6      1.00     yes
    1278.0         6.963e-04       5.0      1.07     yes
     382.0         6.964e-04       1.8      1.05     yes
    2220.0         6.966e-04       1.9      1.05     yes
     313.0         7.029e-04       1.3      1.07     yes
    1743.8         7.030e-04       1.3      1.00     yes
    1726.0         7.055e-04       1.4      1.09     yes
    1707.2         7.078e-04       0.8      1.00     yes
     491.2         7.089e-04       1.6      1.00     yes
    1166.0         7.091e-04       2.3      1.28     yes
    2156.2         7.167e-04       1.8      1.00     yes
    1589.8         7.248e-04       2.1      1.06     yes
    1479.0         7.266e-04       1.3      1.00     yes
    1660.8         7.282e-04       1.7      1.07     yes
    1413.0         7.290e-04       2.3      1.03     yes
     270.0         7.304e-04       1.2      1.10     yes
    1389.2         7.422e-04       1.8      1.14     yes
    1525.0         7.497e-04       1.5      1.12     yes
    1614.0         7.546e-04       1.2      1.02     yes
    1031.0         7.603e-04       9.5      1.33     NO*
     691.8         7.737e-04       5.9      1.30     yes
     159.8         7.832e-04       1.6      1.07     yes
    1506.8         7.854e-04       1.4      1.00     yes
    1884.0         8.178e-04       1.0      1.00     yes
    2085.0         8.400e-04       1.2      1.12     yes
     112.0         8.454e-04       9.7      1.02     NO*
    1294.8         8.598e-04       1.0      1.00     yes
     290.8         8.950e-04       0.8      1.04     yes
     206.2         8.951e-04       1.7      1.00     yes
    1306.2         9.070e-04       0.8      1.00     yes
     194.8         9.325e-04       1.0      1.00     yes
      88.8         9.799e-04       1.4      1.08     yes
     179.5         9.885e-04       5.5      1.48     yes
    1838.0         1.071e-03       2.0      1.07     yes
    1955.8         1.105e-03       1.0      1.00     yes
      63.8         1.187e-03      14.9      1.05     NO*
    1755.2         1.197e-03       1.5      1.00     yes
     919.0         1.282e-03      19.8      1.11     NO*
    2109.8         1.297e-03       3.3      1.10     yes
    2028.8         1.319e-03       6.4      1.00     NO*
    1944.2         1.374e-03       0.8      1.00     yes
    2131.0         1.450e-03       2.6      1.01     yes
      42.2         1.476e-03       2.6      1.00     yes
    1919.2         1.652e-03       2.9      1.07     yes
     940.2         1.933e-03      18.4      1.01     NO*
    1973.0         2.894e-03       3.0      1.04     yes
      27.2         3.034e-03       3.7      1.00     yes
    1813.2         4.309e-03       4.0      1.03     yes
    1772.0         4.688e-03       3.1      1.02     yes
    1992.2         5.663e-03       3.4      1.00     yes
    1791.8         1.009e-02       1.9      1.08     yes
    1861.2         1.277e-02      24.7     25.45     NO*
  consensus floor = 6.812e-04 mV^2/Hz over 93 clean bands  ->  Var(n) = 0.0027 mV^2  (RMS 52.2 uV)
  carrier a = 169.399 mV  ->  SNR = 67.2 dB in the 4 Hz demod band
